Run semi-empirical minimization
 &qmmm
    qm_theory='AM1', grms_tol=0.0005,
 scfconv=1.d-10, ndiis_attempts=700,   qmcharge=0,
 /
   7     N       -4.3610       -0.4160        2.2810 
   6    CA       -3.7580       -0.2660        0.9550 
   6     C       -4.2390       -1.3760        0.0580 
   8     O       -4.0080       -2.5440        0.3300 
   6    CB       -2.2170       -0.2360        1.0480 
   6    CG       -1.5620        0.1210       -0.2950 
   6    CD       -0.0360        0.1880       -0.1620 
   6    CE        0.6180        0.5410       -1.5020 
   7    NZ        2.0690        0.6350       -1.3510 
   6    CH        2.9090       -0.5210       -1.2270 
   8   OT2        2.4120       -1.6790       -1.2710 
   6   CT1        4.3820       -0.3580       -1.0020 
   6    CI        4.6730       -0.1070        0.4730 
   1   HI3        4.1690        0.8230        0.8130 
   1   HI2        4.3190       -0.9630        1.0870 
   1   HI1        5.7680        0.0080        0.6210 
   1  HT12        4.9180       -1.2750       -1.3320 
   1  HT11        4.7590        0.4950       -1.6050 
   1    HZ        2.5110        1.5820       -1.3760 
   1   HE2        0.3690       -0.2210       -2.2720 
   1   HE1        0.2280        1.5220       -1.8520 
   1   HD2        0.2370        0.9610        0.5890 
   1   HD1        0.3450       -0.7940        0.1910 
   1   HG2       -1.9450        1.1070       -0.6400 
   1   HG1       -1.8270       -0.6460       -1.0550 
   1   HB2       -1.9190        0.5260        1.8010 
   1   HB1       -1.8400       -1.2230        1.3970 
   1    HA       -4.1080        0.6980        0.5230 
   1     H       -4.1320        0.4310        2.8500 
   1   HW1       -3.9360       -1.2410        2.7660 
   1   HW2       -4.7990       -1.1380       -0.8410 

